add
1
38
90
2
1
1
1
1
1
1
add
1
50
61
28
1
1
1
1
1
1
add
1
86
37
13
1
1
1
1
1
1
add
1
6
1
23
1
1
1
1
1
1
add
1
82
92
75
1
1
1
1
1
1
add
1
73
15
2
1
1
1
1
1
1
add
1
59
99
42
1
1
1
1
1
1
add
1
63
87
17
1
1
1
1
1
1
add
1
93
14
58
1
1
1
1
1
1
add
1
4
48
92
1
1
1
1
1
1
add
1
18
59
78
1
1
1
1
1
1
add
1
21
35
21
1
1
1
1
1
1
add
1
92
74
13
1
1
1
1
1
1
add
1
69
62
9
1
1
1
1
1
1
add
1
95
20
27
1
1
1
1
1
1
add
1
38
87
12
1
1
1
1
1
1
add
1
13
97
33
1
1
1
1
1
1
add
1
99
42
60
1
1
1
1
1
1
add
1
65
19
11
1
1
1
1
1
1
add
1
19
74
68
1
1
1
1
1
1
add
1
77
84
57
1
1
1
1
1
1
add
1
4
100
54
1
1
1
1
1
1
add
1
20
14
60
1
1
1
1
1
1
add
1
36
11
70
1
1
1
1
1
1
add
1
41
13
20
1
1
1
1
1
1
add
1
56
92
14
1
1
1
1
1
1
add
1
23
1
74
1
1
1
1
1
1
add
1
50
72
99
1
1
1
1
1
1
add
1
28
82
49
1
1
1
1
1
1
add
1
60
13
10
1
1
1
1
1
1
add
1
61
12
79
1
1
1
1
1
1
add
1
19
51
41
1
1
1
1
1
1
add
1
92
29
1
1
1
1
1
1
1
add
1
100
36
72
1
1
1
1
1
1
add
1
25
27
13
1
1
1
1
1
1
add
1
16
43
4
1
1
1
1
1
1
add
1
14
62
99
1
1
1
1
1
1
add
1
55
18
46
1
1
1
1
1
1
add
1
5
95
23
1
1
1
1
1
1
add
1
69
6
60
1
1
1
1
1
1
add
1
71
62
19
1
1
1
1
1
1
add
1
98
62
70
1
1
1
1
1
1
add
1
17
21
83
1
1
1
1
1
1
add
1
73
11
93
1
1
1
1
1
1
add
1
70
3
21
1
1
1
1
1
1
add
1
11
33
45
1
1
1
1
1
1
add
1
95
15
94
1
1
1
1
1
1
add
1
94
48
96
1
1
1
1
1
1
add
1
97
24
14
1
1
1
1
1
1
add
1
38
67
31
1
1
1
1
1
1
add
1
56
22
78
1
1
1
1
1
1
add
1
50
4
23
1
1
1
1
1
1
add
1
41
17
63
1
1
1
1
1
1
add
1
64
24
28
1
1
1
1
1
1
add
1
11
94
93
1
1
1
1
1
1
add
1
67
65
47
1
1
1
1
1
1
add
1
87
82
5
1
1
1
1
1
1
add
1
64
6
71
1
1
1
1
1
1
add
1
23
4
60
1
1
1
1
1
1
add
1
74
63
35
1
1
1
1
1
1
add
1
64
41
32
1
1
1
1
1
1
add
1
90
9
85
1
1
1
1
1
1
add
1
32
97
42
1
1
1
1
1
1
add
1
3
97
85
1
1
1
1
1
1
add
1
30
29
39
1
1
1
1
1
1
add
1
81
80
66
1
1
1
1
1
1
add
1
23
75
82
1
1
1
1
1
1
add
1
83
54
55
1
1
1
1
1
1
add
1
46
36
81
1
1
1
1
1
1
add
1
63
29
93
1
1
1
1
1
1
add
1
60
20
96
1
1
1
1
1
1
add
1
21
20
36
1
1
1
1
1
1
add
1
7
10
30
1
1
1
1
1
1
add
1
87
15
99
1
1
1
1
1
1
add
1
93
13
51
1
1
1
1
1
1
add
1
85
36
86
1
1
1
1
1
1
add
1
65
50
91
1
1
1
1
1
1
add
1
44
54
64
1
1
1
1
1
1
add
1
6
34
74
1
1
1
1
1
1
add
1
86
15
91
1
1
1
1
1
1
add
1
62
2
61
1
1
1
1
1
1
add
1
38
30
96
1
1
1
1
1
1
add
1
36
87
57
1
1
1
1
1
1
add
1
18
26
6
1
1
1
1
1
1
add
1
57
73
73
1
1
1
1
1
1
add
1
81
96
23
1
1
1
1
1
1
add
1
94
48
52
1
1
1
1
1
1
add
1
84
9
74
1
1
1
1
1
1
add
1
13
27
16
1
1
1
1
1
1
add
1
73
91
19
1
1
1
1
1
1
add
1
23
82
40
1
1
1
1
1
1
add
1
33
50
21
1
1
1
1
1
1
add
1
63
20
90
1
1
1
1
1
1
add
1
63
84
57
1
1
1
1
1
1
add
1
50
51
25
1
1
1
1
1
1
add
1
5
79
98
1
1
1
1
1
1
add
1
30
38
2
1
1
1
1
1
1
add
1
37
65
85
1
1
1
1
1
1
add
1
31
61
10
1
1
1
1
1
1
add
1
62
31
27
1
1
1
1
1
1
